frame,s0,s1,s2,s3,s4,s5,label
0,1,1,0,0,0,1,0
1,0,0,0,0,0,0,0
2,1,1,0,0,0,0,0
3,0,0,0,0,0,0,0
4,1,1,0,0,0,0,0
5,0,0,0,0,0,0,0
6,0,1,0,0,0,0,0
7,1,0,0,0,0,0,0
8,0,1,0,0,0,0,0
9,0,0,0,0,0,0,0
10,1,1,0,0,0,0,0
11,0,0,0,0,0,0,0
12,1,1,0,0,0,1,0
13,0,0,0,0,0,0,0
14,1,1,0,0,0,0,0
15,0,0,0,0,1,0,0
16,0,1,0,0,0,0,0
17,0,0,0,0,0,0,0
18,1,1,0,0,0,0,0
19,0,0,0,0,0,0,0
20,1,1,0,0,0,0,0
21,0,0,0,0,0,0,0
22,0,1,0,0,0,0,0
23,0,0,0,0,0,0,0
24,0,0,0,0,0,0,0
25,0,1,0,0,0,0,0
26,0,0,0,0,0,0,0
27,0,0,0,0,0,0,0
28,0,0,0,0,0,0,0
29,0,0,0,0,0,0,0
30,0,0,0,0,0,0,0
31,0,0,0,0,0,0,0
32,0,0,0,0,0,0,0
33,0,0,0,0,0,0,0
34,0,0,0,0,0,0,0
35,0,0,0,0,0,0,0
36,0,0,0,0,0,0,0
37,0,0,0,0,0,0,0
38,0,0,0,0,0,0,0
39,0,0,0,0,0,0,0
40,0,0,0,0,0,0,0
41,0,0,0,0,0,0,0
42,0,0,0,0,0,0,0
43,0,0,0,0,0,0,0
44,0,0,0,0,0,0,0
45,0,0,0,0,0,0,0
